-9.08986175	-86.42335766
-8.90552995	-65.98540146
-8.39861751	-40.29197080
-7.43087558	-23.94160584
-5.91013825	-26.27737226
-4.85023041	-54.30656934
-3.83640553	-74.74452555
-0.70276498	-81.16788321
1.32488479	-51.97080292
2.70737327	-15.18248175
3.72119816	14.59854015
5.14976959	47.29927007
6.25576037	72.40875912
7.68433180	88.75912409
8.65207373	91.09489051
7.82258065	80.58394161
6.90092166	68.32116788
6.20967742	56.64233577
5.47235023	41.45985401
4.68894009	26.27737226
4.18202765	12.84671533
3.53686636	-3.50364964
2.61520737	-13.43065693
2.33870968	-26.27737226
1.87788018	-35.03649635
1.46313364	-40.87591241
0.91013825	-50.21897810
1.37096774	-36.20437956
1.97004608	-26.86131387
0.72580645	-65.98540146
0.03456221	-73.57664234
-0.74884793	-76.49635036
-1.67050691	-85.25547445
-2.73041475	-86.42335766
-3.00691244	-78.24817518
-3.42165899	-81.75182482
-3.46774194	-67.73722628
-4.15898618	-64.81751825
-4.52764977	-53.13868613
-5.21889401	-42.04379562
-5.21889401	-34.45255474
-5.77188940	-22.77372263
-6.83179724	-22.77372263
-6.41705069	-15.76642336
-7.79953917	-18.68613139
-8.07603687	-33.86861314
-8.12211982	-47.88321168
-8.72119816	-56.05839416
-8.67511521	-67.73722628
-9.50460829	-83.50364964
-8.53686636	-81.75182482
-9.08986175	-74.74452555
-8.49078341	-71.82481752
-8.39861751	-52.55474453
-5.86405530	-16.93430657
-3.00691244	-74.16058394
-2.08525346	-74.74452555
-0.97926267	-71.24087591
0.12672811	-64.23357664
0.58755760	-60.72992701
