0.00000000
0.44000000
0.46000000
0.27000000
0.47000000
0.46000000
0.49000000
0.57000000
0.43000000
0.25000000
0.37000000
0.38000000
0.25000000
0.45000000
0.24000000
0.32000000
0.33000000
0.33000000
0.48000000
0.35000000
0.37000000
0.34000000
0.25000000
0.29000000
0.37000000
0.37000000
0.36000000
0.39000000
0.58000000
0.42000000
0.24000000
0.54000000
0.47000000
0.31000000
0.26000000
0.42000000
0.28000000
0.24000000
0.56000000
0.47000000
0.29000000
0.76000000
0.34000000
0.32000000
0.40000000
0.47000000
0.41000000
0.21000000
0.33000000
0.36000000
0.38000000
0.35000000
0.36000000
0.29000000
0.45000000
0.43000000
0.32000000
0.44000000
0.39000000
0.51000000
0.50000000
0.49000000
0.33000000
0.47000000
0.29000000
0.23000000
0.36000000
0.38000000
0.33000000
0.42000000
0.42000000
0.43000000
0.43000000
0.43000000
0.23000000
0.43000000
0.35000000
0.42000000
0.53000000
0.38000000
0.42000000
0.35000000
0.55000000
0.36000000
0.41000000
0.42000000
0.17000000
0.42000000
0.35000000
0.30000000
0.36000000
0.42000000
0.31000000
0.22000000
0.43000000
0.35000000
0.42000000
0.44000000
0.30000000
0.36000000
0.39000000
0.41000000
0.43000000
0.60000000
0.26000000
0.43000000
0.30000000
0.24000000
0.36000000
0.46000000
0.52000000
0.52000000
0.44000000
0.37000000
0.35000000
0.39000000
0.29000000
0.32000000
0.22000000
0.47000000
0.39000000
0.38000000
0.26000000
0.40000000
0.38000000
0.30000000
0.32000000
0.35000000
0.46000000
0.28000000
0.39000000
0.40000000
0.29000000
0.33000000
0.37000000
0.40000000
0.34000000
0.40000000
0.37000000
0.33000000
0.49000000
0.48000000
0.34000000
0.37000000
0.33000000
0.40000000
0.33000000
0.38000000
0.29000000
0.48000000
0.22000000
0.47000000
0.31000000
0.18000000
0.36000000
0.40000000
0.52000000
0.33000000
0.28000000
0.28000000
0.43000000
0.49000000
0.26000000
0.32000000
0.37000000
0.43000000
0.30000000
0.45000000
0.46000000
0.41000000
0.42000000
0.44000000
0.42000000
0.28000000
0.47000000
0.37000000
0.34000000
0.48000000
0.30000000
0.44000000
0.31000000
0.42000000
0.19000000
0.47000000
0.47000000
0.23000000
0.33000000
0.38000000
0.32000000
0.28000000
0.28000000
0.35000000
0.48000000
0.53000000
0.47000000
0.31000000
0.29000000
0.40000000
0.40000000
0.38000000
0.46000000
0.34000000
0.42000000
0.32000000
0.40000000
0.44000000
0.37000000
0.44000000
0.35000000
0.20000000
0.53000000
0.38000000
0.47000000
0.39000000
0.39000000
0.12000000
0.52000000
0.36000000
0.45000000
0.38000000
0.49000000
0.32000000
0.38000000
0.46000000
0.42000000
0.34000000
0.46000000
0.63000000
0.31000000
0.39000000
0.43000000
0.32000000
0.38000000
0.38000000
0.38000000
0.36000000
0.39000000
0.33000000
0.41000000
0.44000000
0.37000000
0.44000000
0.25000000
0.41000000
0.22000000
0.41000000
0.39000000
0.46000000
0.36000000
0.38000000
0.30000000
0.31000000
0.41000000
0.47000000
0.42000000
0.25000000
0.39000000
0.35000000
0.33000000
0.41000000
0.43000000
0.38000000
0.47000000
0.24000000
0.30000000
0.44000000
0.25000000
0.46000000
0.36000000
0.28000000
0.25000000
0.56000000
0.28000000
0.32000000
0.24000000
0.42000000
0.40000000
0.43000000
0.33000000
0.46000000
0.30000000
0.35000000
0.27000000
0.44000000
0.47000000
0.49000000
0.44000000
0.47000000
0.39000000
0.10000000
0.35000000
0.40000000
0.39000000
0.34000000
0.19000000
0.27000000
0.32000000
0.38000000
0.37000000
0.33000000
0.30000000
0.36000000
0.27000000
0.46000000
0.37000000
0.13000000
0.38000000
0.30000000
0.22000000
0.35000000
0.42000000
0.33000000
0.30000000
0.39000000
0.33000000
0.25000000
0.33000000
0.40000000
0.28000000
0.65000000
0.36000000
0.44000000
0.26000000
0.37000000
0.48000000
0.24000000
0.60000000
0.41000000
0.25000000
0.46000000
0.29000000
0.35000000
0.37000000
0.42000000
0.30000000
0.37000000
0.22000000
0.43000000
0.47000000
0.33000000
0.35000000
0.40000000
0.41000000
0.50000000
0.47000000
0.42000000
0.30000000
0.29000000
0.35000000
0.50000000
0.31000000
0.38000000
0.41000000
0.29000000
0.34000000
0.34000000
0.27000000
0.31000000
0.40000000
0.32000000
0.33000000
0.21000000
0.28000000
0.36000000
0.34000000
0.34000000
0.43000000
0.57000000
0.28000000
0.27000000
0.35000000
0.54000000
0.30000000
0.44000000
0.36000000
0.33000000
0.43000000
0.36000000
0.15000000
0.54000000
0.34000000
0.33000000
0.45000000
0.41000000
0.25000000
0.35000000
0.34000000
0.38000000
0.37000000
0.38000000
0.33000000
0.40000000
0.45000000
0.42000000
0.54000000
0.50000000
0.22000000
0.46000000
0.28000000
0.39000000
0.39000000
0.38000000
0.43000000
0.23000000
0.51000000
0.26000000
0.34000000
0.23000000
0.31000000
0.36000000
0.31000000
0.41000000
0.48000000
0.42000000
0.38000000
0.35000000
0.22000000
0.47000000
0.37000000
0.36000000
0.35000000
0.23000000
0.48000000
0.43000000
0.40000000
0.40000000
0.38000000
0.31000000
0.33000000
0.43000000
0.25000000
0.30000000
0.27000000
0.42000000
0.36000000
0.39000000
0.53000000
0.35000000
0.55000000
0.57000000
0.33000000
0.34000000
0.32000000
0.35000000
0.48000000
0.27000000
0.39000000
0.34000000
0.32000000
0.38000000
0.40000000
0.42000000
0.41000000
0.38000000
0.68000000
0.49000000
0.37000000
0.24000000
0.35000000
0.50000000
0.43000000
0.37000000
0.36000000
0.29000000
0.36000000
0.38000000
0.38000000
0.50000000
0.48000000
0.33000000
0.46000000
0.49000000
0.36000000
0.33000000
0.20000000
0.13000000
0.25000000
0.37000000
0.46000000
0.45000000
0.46000000
0.35000000
0.48000000
0.34000000
0.35000000
0.30000000
0.59000000
0.33000000
0.31000000
0.42000000
0.30000000
0.27000000
0.48000000
0.48000000
0.32000000
0.35000000
0.30000000
0.05000000
0.39000000
0.40000000
0.47000000
0.51000000
0.39000000
0.26000000
0.31000000
0.41000000
0.52000000
0.62000000
0.44000000
0.39000000
0.38000000
0.36000000
0.40000000
0.42000000
0.49000000
0.33000000
0.23000000
0.29000000
0.31000000
0.34000000
0.38000000
0.39000000
0.27000000
0.33000000
0.49000000
0.31000000
0.35000000
0.44000000
0.45000000
0.44000000
0.30000000
0.31000000
0.33000000
0.18000000
0.41000000
0.38000000
0.36000000
0.61000000
0.26000000
0.57000000
0.30000000
0.43000000
0.36000000
0.20000000
0.51000000
0.39000000
0.42000000
0.35000000
0.46000000
0.56000000
0.41000000
0.23000000
0.61000000
0.34000000
0.30000000
0.35000000
0.42000000
0.29000000
0.34000000
0.49000000
0.13000000
0.34000000
0.39000000
0.36000000
0.26000000
0.25000000
0.41000000
0.45000000
0.36000000
0.36000000
0.36000000
0.28000000
0.28000000
0.40000000
0.48000000
0.45000000
0.52000000
0.34000000
0.47000000
0.49000000
0.22000000
0.31000000
0.37000000
0.38000000
0.54000000
0.42000000
0.22000000
0.35000000
0.32000000
0.37000000
0.38000000
0.34000000
0.37000000
0.33000000
0.48000000
0.40000000
0.37000000
0.28000000
0.32000000
0.42000000
0.30000000
0.35000000
0.48000000
0.40000000
0.50000000
0.44000000
0.28000000
0.37000000
0.61000000
0.54000000
0.36000000
0.24000000
0.31000000
0.41000000
0.46000000
0.35000000
0.35000000
0.48000000
0.47000000
0.32000000
0.61000000
0.45000000
0.28000000
0.32000000
0.18000000
0.20000000
0.23000000
0.38000000
0.36000000
0.45000000
0.36000000
0.46000000
0.31000000
0.48000000
0.38000000
0.46000000
0.28000000
0.41000000
0.43000000
0.32000000
0.30000000
0.42000000
0.50000000
0.25000000
0.26000000
0.39000000
0.23000000
0.17000000
0.33000000
0.47000000
0.30000000
0.33000000
0.47000000
0.36000000
0.29000000
0.48000000
0.33000000
0.33000000
0.43000000
0.41000000
0.43000000
0.50000000
0.25000000
0.46000000
0.48000000
0.30000000
0.43000000
0.45000000
0.53000000
0.38000000
0.19000000
0.41000000
0.33000000
0.27000000
0.43000000
0.50000000
0.33000000
0.51000000
0.54000000
0.41000000
0.39000000
0.49000000
0.31000000
0.33000000
0.40000000
0.40000000
0.45000000
0.39000000
0.29000000
0.41000000
0.12000000
0.29000000
0.47000000
0.45000000
0.33000000
0.30000000
0.50000000
0.49000000
0.27000000
0.46000000
0.40000000
0.52000000
0.33000000
0.36000000
0.33000000
0.42000000
0.39000000
0.13000000
0.40000000
0.31000000
0.39000000
0.39000000
0.43000000
0.46000000
0.52000000
0.51000000
0.32000000
0.40000000
0.52000000
0.40000000
0.34000000
0.38000000
0.46000000
0.12000000
0.34000000
0.37000000
0.33000000
0.51000000
0.37000000
0.30000000
0.16000000
0.32000000
0.31000000
0.30000000
0.53000000
0.32000000
0.37000000
0.37000000
0.41000000
0.42000000
0.37000000
0.44000000
0.37000000
0.31000000
0.32000000
0.35000000
0.40000000
0.27000000
0.25000000
0.52000000
0.39000000
0.43000000
0.47000000
0.35000000
0.44000000
0.40000000
0.48000000
0.44000000
0.37000000
0.33000000
0.41000000
0.41000000
0.48000000
0.34000000
0.34000000
0.32000000
0.30000000
0.29000000
0.45000000
0.31000000
0.45000000
0.44000000
0.36000000
0.32000000
0.35000000
0.50000000
0.26000000
0.44000000
0.36000000
0.29000000
0.44000000
0.58000000
0.37000000
0.50000000
0.33000000
0.34000000
0.45000000
0.33000000
0.38000000
0.38000000
0.36000000
0.30000000
0.36000000
0.38000000
0.35000000
0.32000000
0.36000000
0.26000000
0.28000000
0.39000000
0.51000000
0.39000000
0.22000000
0.41000000
0.32000000
0.38000000
0.34000000
0.34000000
0.28000000
0.35000000
0.22000000
0.37000000
0.48000000
0.35000000
0.24000000
0.23000000
0.34000000
0.17000000
0.36000000
0.33000000
0.38000000
0.37000000
0.45000000
0.37000000
0.34000000
0.38000000
0.46000000
0.27000000
0.39000000
0.57000000
0.44000000
0.36000000
0.51000000
0.40000000
0.39000000
0.41000000
0.38000000
0.53000000
0.32000000
0.40000000
0.21000000
0.21000000
0.31000000
0.39000000
0.36000000
0.39000000
0.21000000
0.27000000
0.42000000
0.35000000
0.31000000
0.58000000
0.63000000
0.38000000
0.44000000
0.34000000
0.36000000
0.37000000
0.37000000
0.31000000
0.46000000
0.31000000
0.41000000
0.45000000
0.45000000
0.43000000
0.49000000
0.29000000
0.28000000
0.32000000
0.34000000
0.31000000
0.43000000
0.46000000
0.48000000
0.47000000
0.41000000
0.34000000
0.27000000
0.26000000
0.35000000
0.39000000
0.22000000
0.29000000
0.37000000
0.31000000
0.39000000
0.38000000
0.41000000
0.45000000
0.38000000
0.41000000
0.46000000
0.52000000
0.37000000
0.51000000
0.35000000
0.45000000
0.30000000
0.38000000
0.48000000
0.38000000
0.40000000
0.33000000
0.40000000
0.31000000
0.37000000
0.37000000
0.42000000
0.65000000
0.40000000
0.34000000
0.31000000
0.42000000
0.44000000
0.36000000
0.37000000
0.22000000
0.40000000
0.40000000
0.34000000
0.35000000
0.42000000
0.40000000
0.10000000
0.33000000
0.45000000
0.33000000
0.30000000
0.38000000
0.35000000
0.13000000
0.42000000
0.36000000
0.41000000
0.56000000
0.48000000
0.33000000
0.31000000
0.34000000
0.30000000
0.53000000
0.35000000
0.55000000
0.27000000
0.39000000
0.45000000
0.31000000
0.34000000
0.48000000
0.36000000
0.33000000
0.29000000
0.37000000
0.18000000
0.39000000
0.38000000
0.40000000
0.56000000
0.45000000
0.43000000
0.38000000
0.09000000
0.42000000
0.48000000
0.35000000
0.44000000
0.35000000
0.40000000
0.41000000
0.36000000
0.30000000
0.31000000
0.28000000
0.41000000
0.28000000
0.52000000
0.33000000
0.34000000
0.38000000
0.28000000
0.44000000
0.44000000
0.46000000
0.35000000
0.39000000
0.41000000
0.56000000
0.44000000
0.67000000
0.34000000
0.49000000
0.30000000
0.37000000
0.25000000
0.36000000
0.39000000
0.35000000
0.49000000
0.35000000
