1.00000000
0.63762004
0.71225257
0.79168320
0.70002662
0.73094400
0.71584793
0.69331448
0.69251827
0.74567004
0.67352053
0.72474993
0.65245514
0.65872063
0.72168327
0.74067333
0.69513000
0.66356837
0.58098191
0.75571200
0.54591134
0.88435200
0.66232320
0.79436016
0.67436107
0.57437627
0.72366364
0.94080000
0.77052936
0.69740421
0.61998378
0.72876344
0.71000012
0.66316474
0.69218592
0.66198263
0.68995327
0.72276019
0.78019381
0.75789553
0.72286775
0.61120040
0.63357076
0.65858204
0.80371200
0.84066501
0.72428429
0.72422400
0.96030000
0.72428429
0.69102745
0.63157667
0.66683232
0.68058144
0.65493132
0.68562487
0.64341609
0.71397888
0.67511808
0.68922154
0.70133551
0.67364100
0.66544531
0.66198129
0.75330000
0.70576704
0.58778275
0.62433069
0.59866578
0.79384800
0.66025238
0.59437704
0.77228744
0.67274311
0.75325164
0.81734400
0.62169946
0.64054300
0.66261518
0.71426765
0.70490976
0.82000000
0.65479680
0.68794240
0.70576970
0.64245912
0.65379235
0.67260063
0.75660000
0.73021133
0.70985376
0.71865800
0.70140312
0.76800000
0.61645624
0.58281253
0.66094248
0.73914790
0.78115000
0.87000000
0.53484300
0.81092000
0.74741347
0.67855427
0.71419257
0.63170957
0.64859946
0.63205678
0.70080000
0.67855427
0.65379691
0.65065476
0.69509453
0.91276416
0.52956156
0.64447278
0.72594064
0.63922073
0.73114534
0.69007917
0.62820677
0.56298191
0.67203146
0.56591596
0.64447278
0.72524264
0.61609569
0.58254354
0.72344907
0.76374144
0.69435106
0.76500516
0.64918022
0.67963392
0.73612469
0.59638015
0.58025843
0.75405496
0.67805338
0.67525920
0.65684520
0.71632512
0.65271837
0.85782144
0.74138618
0.63043043
0.69295248
0.62659575
0.68018206
0.72303676
0.64919400
0.62467131
0.75281184
0.57471057
0.68876438
0.69727371
0.69406661
0.63865365
0.87494400
0.75966660
0.81405504
0.70595280
0.72946621
0.63226712
0.67972988
0.64211347
0.71845313
0.70901568
0.72578580
0.68417148
0.67260063
0.61843964
0.59797429
0.71639821
0.66315110
0.69435106
0.71173074
0.79567488
0.88387200
0.78963339
0.67260063
0.75735511
0.61490688
0.78683487
0.80040000
0.65913201
0.74630465
0.55603964
0.80432352
0.77156352
0.53043900
0.75381629
0.70224141
0.64072097
0.69750046
0.69273600
0.68746951
0.69557898
0.66566661
0.80908800
0.63927252
0.72817920
0.65458800
0.75775796
0.75018038
0.70705064
0.83994624
0.81962496
0.63162267
0.67788386
0.61383558
0.61422586
0.71922090
0.81216000
0.69458807
0.75660000
0.77145600
0.66960044
0.72210381
0.64467000
0.63612362
0.69000000
0.69883359
0.72448992
0.69807408
0.66084005
0.70821738
0.75589114
0.60145766
0.68774229
0.71027954
0.54986142
0.87000000
0.77153472
0.65898620
0.65493132
0.69623293
0.63077488
0.69646103
0.70815064
0.72582154
0.69189120
0.70386103
0.64786550
0.87000000
0.67911156
0.77335229
0.71289600
0.74363772
0.85260000
0.76830336
0.65048417
0.69969930
0.74571912
0.73037805
0.73628100
0.76374144
0.60800432
0.68365082
0.68877900
0.75881400
0.66737779
0.66163968
0.84022013
0.67000254
0.79503621
0.71475720
0.69626304
0.74840544
0.74990400
0.63706620
0.70873145
0.71535628
0.76153536
0.66247600
0.80446608
0.76541208
0.59717333
0.71553259
0.66920426
0.67773000
0.75804805
0.69888000
0.73766246
0.66647250
0.69261677
0.75031657
0.65142162
0.74154220
0.79478269
0.71015992
0.70815597
0.69281594
0.95040000
0.76003200
0.61730571
0.65505780
0.79170000
0.69623160
0.70997637
0.86562432
0.70576704
0.64159869
0.67941878
0.66711705
0.71822554
0.67180929
0.64727040
0.57255460
0.73826193
0.74511360
0.76416615
0.66960509
0.64204800
0.63043043
0.77227728
0.69171823
0.70051389
0.63784101
0.63900246
0.65734024
0.84506400
0.69961290
0.75548928
0.63096109
0.68677895
0.65379691
0.74378304
0.68172808
0.77932800
0.84585600
0.73309566
0.75966660
0.78103273
0.73180800
0.65048417
0.64462486
0.64441709
0.81780000
0.68858928
0.73094400
0.78771813
0.73941504
0.70906177
0.76800000
0.73037805
0.67481750
0.61465334
0.76734000
0.68438274
0.69150081
0.67000254
0.64260019
0.76472546
0.67556036
0.69623904
0.72312157
0.84756672
0.72363456
0.73143331
0.67036054
0.79880332
0.61548712
0.64000619
0.67681432
0.75211500
0.63482519
0.72044700
0.59937408
0.62484293
0.84506400
0.71328516
0.69081157
0.82650000
0.64403476
0.71822554
0.76003200
0.77932800
0.66486597
0.75199320
0.72580820
0.65529355
0.75788524
0.72897300
0.65502328
0.64493307
0.88320000
0.66299578
0.70051389
0.65189376
0.68937925
0.68794240
0.83974303
0.62810397
0.69404761
0.58266114
0.69022414
0.65060027
0.66537437
0.69343263
0.73687660
0.73167494
0.67491155
0.69995200
0.69081157
0.53218649
0.77153472
0.63598080
0.67436107
0.80281080
0.62880137
0.64235520
0.70104915
0.67895344
0.58778752
0.73707270
0.73446912
0.71142183
0.68592155
0.78954947
0.69201960
0.70490976
0.65227493
0.74139594
0.65124403
0.75582647
0.69014142
0.63974400
0.69858624
0.64456560
0.65755710
0.83546100
0.64991232
0.73827864
0.74330784
0.62586562
0.67864947
0.65001664
0.96000000
0.69242880
0.70916187
0.72502860
0.68326151
0.74838868
0.68238420
0.72744764
0.66552933
0.77145600
0.66999322
0.61329910
0.61914816
0.67945306
0.58956163
0.55473984
0.67280651
0.63780764
0.59638015
0.77740068
0.67107546
0.69438125
0.67932691
0.67801536
0.52545940
0.67188123
0.67202556
0.72633457
0.59002550
0.72595328
0.68708736
0.73489906
0.74131200
0.77069837
0.67375043
0.63147652
0.80281080
0.65508557
0.69975909
0.68794240
0.74402880
0.80403840
0.66251222
0.69509453
0.72705857
0.79548480
0.72043171
0.69416990
0.64000000
0.59000260
0.73478593
0.73057643
0.66987347
0.63937114
0.59427228
0.62734094
0.72890738
0.70766500
0.74356029
0.65501469
0.66943718
0.78779520
0.66534226
0.75325164
0.64416797
0.71845313
0.66922825
0.66291849
0.70180768
0.73897386
0.65382056
0.73558500
0.68577113
0.82893888
0.74150208
0.74263200
0.66449231
0.66940497
0.67169811
0.67401743
0.80510000
0.72325225
0.74903252
0.62532990
0.66381426
0.63980928
0.68208426
0.74983281
0.60825600
0.73022748
0.74485224
0.94089600
0.56536402
0.69066783
0.78720000
0.84480000
0.59216210
0.70431687
0.61610121
0.82148774
0.75619812
0.71419257
0.78837676
0.84506400
0.72286775
0.70576704
0.70856578
0.72336720
0.96000000
0.67556036
0.74402880
0.63820470
0.71979030
0.63226712
0.69371611
0.71142183
0.62501371
0.62602759
0.63348480
0.71397888
0.71129203
0.54722304
0.80000000
0.70408407
0.68602609
0.73612469
0.76410734
0.63128461
0.66860259
0.65802503
0.72491402
0.72555437
0.73428100
0.72648576
0.62299776
0.75031657
0.70815597
0.62081510
0.64423244
0.75237600
0.68030202
0.76032000
0.73658851
0.81000000
0.61049171
0.65093124
0.77920255
0.74903252
0.71715880
0.73405187
0.72744764
0.74779591
0.64812664
0.70303286
0.67888128
0.75237600
0.64623163
0.54778354
0.68106298
0.95040000
0.65384424
0.68238918
0.70387200
0.64269934
0.67855427
0.79035264
0.72705857
0.62561700
0.78115000
0.77360947
0.72594064
0.64133207
0.65314799
0.65734024
0.84825600
0.73094400
0.78803804
0.71070026
0.69340272
0.71492414
0.64277559
0.67706621
0.59772913
0.87436800
0.63096109
0.70116293
0.67465193
0.75271680
0.75509829
0.66163968
0.70841039
0.74240496
0.71660667
0.66930000
0.58354969
0.67518693
0.65864216
0.69431040
0.63123720
0.76800000
0.72637030
0.70026240
0.63115406
0.72056358
0.67750387
0.71711461
0.85466700
0.71172071
0.66418445
0.68777445
0.77781419
0.64606210
0.76496939
0.77774697
0.80446608
0.65442048
0.69228027
0.64643791
0.74378304
0.65370111
0.65280000
0.66168323
0.72970197
0.64914297
0.66330572
0.78115000
0.69299151
0.67377252
0.64331977
0.67888128
0.65771177
0.76734000
0.97000000
0.69168150
0.68894116
0.81544506
0.76794900
0.67267213
0.67095270
0.74189650
0.66722323
0.67743759
0.73687660
0.69756695
0.69238600
0.72646950
0.71632512
0.69690301
0.75690000
0.72836400
0.65172181
0.65960000
0.73099151
0.74760485
0.74511360
0.73075664
0.61564260
0.65254069
0.67584000
0.75966660
0.70479466
0.74138618
0.68817870
0.76038000
0.70659389
0.62532032
0.79684311
0.74511360
0.58299935
0.71079000
0.58907638
0.60422752
0.72230400
0.68486400
0.74978156
0.60091637
0.75031657
0.74260280
0.66487945
0.66596747
0.68599862
0.64157865
0.69511913
0.72574610
0.69646103
0.74838868
0.70051389
0.73034016
0.67805338
0.58929956
0.67466143
0.69618337
0.69147302
0.63615518
0.46401137
0.65974544
0.71508096
0.72351307
0.65061829
0.71419257
0.67409280
0.63111122
0.72954375
0.81432576
0.63655041
0.76258575
0.67011419
0.66266054
0.66783042
0.65467337
0.69646103
0.72429759
0.75169920
0.73766246
0.74378304
0.66108725
0.72784200
0.69120000
0.75264000
0.64216589
0.79820912
0.58040495
0.74124117
0.75433438
0.62169946
0.71830440
0.72595019
0.66894952
0.62289545
0.66737779
0.73773738
0.69492146
0.74228374
0.82893888
0.68490240
0.81875178
0.66247442
0.49828345
0.71067452
0.72044700
0.53958052
0.82244736
0.87532800
0.77904192
0.69360192
0.71419257
0.79510464
0.62779805
0.79775588
0.71289869
0.90240000
0.58086284
0.68602296
0.65873821
0.66396678
0.69834973
0.72610296
0.69682242
0.73818660
0.71000273
0.70865914
0.66416720
0.79484031
0.66456011
0.59110687
0.76343040
0.66882816
0.57400514
0.64149181
0.65445896
0.74107415
0.71792028
0.64361426
0.83757366
0.58832680
0.75707820
0.72290921
0.63491875
0.61782182
0.65650989
0.67314095
0.61778196
0.68685408
0.66092731
0.73612469
0.79170000
0.58656000
0.61378395
0.74511360
0.81432576
0.65577600
0.75534941
0.61154326
0.68327050
0.64343173
0.67334700
0.66843506
0.81405504
0.69521900
0.70228531
0.70484284
0.58727316
0.76054272
0.84506400
0.66470748
0.76343040
0.71288744
0.65211207
0.89385120
0.74443692
0.79478269
0.71958256
0.70898942
0.67960400
0.71291405
0.71202869
0.82082219
0.61160415
0.69194678
0.63897060
0.67534594
0.57081024
0.75659851
0.68450184
0.80518838
0.75264000
0.65750630
0.60607540
0.63139911
0.66344961
0.82064949
0.46163927
0.61471872
0.67118025
0.61670400
0.70705064
0.70107441
0.77960064
0.67876444
0.83064960
0.73343733
0.69437249
0.73288320
0.71475720
0.53605950
0.65150349
0.70040678
0.58611963
0.63888658
0.79326600
0.77606400
0.69541985
0.69379200
0.74062061
0.76258575
0.71907264
0.69223715
0.68736796
0.72844168
0.67226700
0.63023616
0.55944094
0.65309603
0.81180000
0.71661766
0.79591680
0.73137856
0.71202869
0.89337600
0.73021133
0.75606411
0.79599802
0.75606411
0.66120000
0.82710639
0.69862969
0.65824070
0.69800752
0.64954123
0.71180928
0.50445048
0.69251827
0.68602609
0.61151752
0.64928505
0.66167217
0.67001571
0.66803405
0.73664640
0.76900824
0.63183407
0.61123750
0.57650116
0.67039396
0.68288597
0.68765599
0.78103273
0.58662021
0.71717184
0.71717184
0.72450899
0.84870720
0.50831107
0.74863613
0.70387200
0.74733404
0.75528440
0.82082219
0.71084650
0.68777445
0.87532800
0.74024242
0.64707301
0.70937361
0.67289706
0.78771813
0.71174010
0.68077056
0.63848784
0.70657920
0.81971208
0.64545466
0.73114534
0.72876344
0.64681890
0.68141918
0.74059776
0.67663994
0.70189953
0.74820000
0.68453540
0.74803445
0.57526157
0.73970818
0.75515641
0.85360000
0.74491053
0.76416615
0.68241264
0.67251219
0.90240000
0.65250000
0.72633600
0.63254556
0.70181720
0.59714191
0.79503621
0.70615231
0.66456011
0.70576704
0.67127284
0.80627184
0.60211200
0.93139200
0.62551859
0.54481140
0.82350858
0.74661404
0.70140312
0.73531024
0.55027187
0.71563907
