0.00000000
4.29000000
1.17000000
-1
5.53000000
-1
3.95000000
3.52000000
4.88000000
4.94000000
4.75000000
2.57000000
-1
5.09000000
3.95000000
1.71000000
1.60000000
3.53000000
4.45000000
2.96000000
2.61000000
3.86000000
0.74000000
4.38000000
-1
-1
2.03000000
6.78000000
2.03000000
2.54000000
3.99000000
3.30000000
5.18000000
3.38000000
1.97000000
1.20000000
3.04000000
4.54000000
3.47000000
-1
6.09000000
4.44000000
2.59000000
4.65000000
4.68000000
5.35000000
4.91000000
-1
4.48000000
3.23000000
3.94000000
3.05000000
3.55000000
-1
4.26000000
4.06000000
-1
6.98000000
1.86000000
1.82000000
-1
4.98000000
-1
7.28000000
1.84000000
-1
4.13000000
-1
3.59000000
3.09000000
3.54000000
4.25000000
3.31000000
-1
3.49000000
1.47000000
4.46000000
-1
-1
2.70000000
2.78000000
4.83000000
4.47000000
5.24000000
2.73000000
5.64000000
2.07000000
4.47000000
-1
2.46000000
2.66000000
3.47000000
3.69000000
4.16000000
2.68000000
2.97000000
1.72000000
3.38000000
4.01000000
-1
