1.00000000
0.00202710
0.31820000
-1
0.00832511
-1
0.01398709
0.00094858
0.00142850
0.00142850
0.01173070
0.00126580
-1
0.00098881
0.00002323
0.71780000
0.01240980
0.00121971
0.00068384
0.01182520
0.00011764
0.00103538
0.74000000
0.00146367
-1
-1
0.01772966
0.00259885
0.01772966
0.02531599
0.00010179
0.02151859
0.00309004
0.00806700
0.05154840
0.00954600
0.00248920
0.00285572
0.02354387
-1
0.00376644
0.00268437
0.03196001
0.00019759
0.00137953
0.00099156
0.01342760
-1
0.00113973
0.01746803
0.00475953
0.00397144
0.00005808
-1
0.00433600
0.00042836
-1
0.00051977
0.03722940
0.00014892
-1
0.00024949
-1
0.00129942
0.09331400
-1
0.00176358
-1
0.00128059
0.01598000
0.00196874
0.01836422
0.00014969
-1
0.00112014
0.09546000
0.00429172
-1
-1
0.00405056
0.00115243
0.00166326
0.00109774
0.00443111
0.01241076
0.00019562
0.00830502
0.00656919
-1
0.00762375
0.00223720
0.00072603
0.00401005
0.01430573
0.01152428
0.00109365
0.00148918
0.00215704
0.01744601
-1
